    x      Metoda A  Iteracija A      Metoda B  Iteracija B     Metoda C  Iteracija C  numpy.exp(-x)
  0.0  1.000000e+00            1  1.000000e+00            1 1.000000e+00            1   1.000000e+00
 10.0  4.539994e-05           44  4.539994e-05           44 4.539993e-05           44   4.539993e-05
 20.0  1.283972e-09           72  6.164185e-09           72 2.061154e-09           72   2.061154e-09
 30.0 -4.820851e-06          100  6.103055e-06          100 9.357623e-14          100   9.357623e-14
 40.0  4.881300e+00          127  3.116952e-01          127 4.248354e-18          127   4.248354e-18
 50.0  4.045173e+04          155  2.041833e+03          155 1.928750e-22          155   1.928750e-22
 60.0  1.120641e+08          171  7.227457e+08          182 8.756511e-27          171   8.756511e-27
 70.0           NaN          171  4.594081e+12          209          NaN          171   3.975450e-31
 80.0           NaN          171  2.450820e+17          237          NaN          171   1.804851e-35
 90.0           NaN          171 -5.865799e+21          264          NaN          171   8.194013e-40
100.0           NaN          171  8.144653e+25          291          NaN          171   3.720076e-44