TABLICA DRUGE DERIVACIJE (druga derivacija +/- greska (tocna))

                                               0                                       1
h                                                                                       
0.100000  1.00083361 +/- 0.00083361 (1.00000000)  2.72054782 +/- 0.00226599 (2.71828183)
0.010000  1.00000833 +/- 0.00000833 (1.00000000)  2.71830448 +/- 0.00002265 (2.71828183)
0.001000  1.00000008 +/- 0.00000008 (1.00000000)  2.71828206 +/- 0.00000023 (2.71828183)
0.000100  1.00000001 +/- 0.00000001 (1.00000000)  2.71828187 +/- 0.00000004 (2.71828183)
0.000010  0.99999897 +/- 0.00000103 (1.00000000)  2.71828782 +/- 0.00000599 (2.71828183)
0.000001  0.99997788 +/- 0.00002212 (1.00000000)  2.71827005 +/- 0.00001177 (2.71828183)

                                               2                                         3
h                                                                                         
0.100000  7.39521570 +/- 0.00615960 (7.38905610)  20.10228045 +/- 0.01674353 (20.08553692)
0.010000  7.38911767 +/- 0.00006158 (7.38905610)  20.08570430 +/- 0.00016738 (20.08553692)
0.001000  7.38905671 +/- 0.00000062 (7.38905610)  20.08553860 +/- 0.00000167 (20.08553692)
0.000100  7.38905621 +/- 0.00000011 (7.38905610)  20.08553679 +/- 0.00000013 (20.08553692)
0.000010  7.38904937 +/- 0.00000673 (7.38905610)  20.08555100 +/- 0.00001408 (20.08553692)
0.000001  7.39053263 +/- 0.00147653 (7.38905610)  20.08349043 +/- 0.00204650 (20.08553692)

                                                 4                                           5
h                                                                                             
0.100000  54.64366366 +/- 0.04551363 (54.59815003)  148.53687797 +/- 0.12371887 (148.41315910)
0.010000  54.59860502 +/- 0.00045499 (54.59815003)  148.41439588 +/- 0.00123678 (148.41315910)
0.001000  54.59815461 +/- 0.00000458 (54.59815003)  148.41317147 +/- 0.00001237 (148.41315910)
0.000100  54.59814787 +/- 0.00000216 (54.59815003)  148.41316158 +/- 0.00000248 (148.41315910)
0.000010  54.59796171 +/- 0.00018833 (54.59815003)  148.41333495 +/- 0.00017585 (148.41315910)
0.000001  54.60520924 +/- 0.00705921 (54.59815003)  148.44658836 +/- 0.03342925 (148.41315910)

                                                   6                                             7
h                                                                                                 
0.100000  403.76509624 +/- 0.33630274 (403.42879349)  1097.54732407 +/- 0.91416564 (1096.63315843)
0.010000  403.43215541 +/- 0.00336192 (403.42879349)  1096.64229707 +/- 0.00913864 (1096.63315843)
0.001000  403.42882716 +/- 0.00003366 (403.42879349)  1096.63324997 +/- 0.00009154 (1096.63315843)
0.000100  403.42879402 +/- 0.00000052 (403.42879349)  1096.63317289 +/- 0.00001446 (1096.63315843)
0.000010  403.42854390 +/- 0.00024959 (403.42879349)  1096.63460535 +/- 0.00144692 (1096.63315843)
0.000001  403.47458707 +/- 0.04579358 (403.42879349)  1096.85061034 +/- 0.21745191 (1096.63315843)

                                                     8                                             9
h                                                                                                   
0.100000  2983.44294689 +/- 2.48495985 (2980.95798704)  8109.83874877 +/- 6.75482120 (8103.08392758)
0.010000  2980.98282844 +/- 0.02484140 (2980.95798704)  8103.15145350 +/- 0.06752592 (8103.08392758)
0.001000  2980.95823291 +/- 0.00024587 (2980.95798704)  8103.08460314 +/- 0.00067556 (8103.08392758)
0.000100  2980.95797007 +/- 0.00001697 (2980.95798704)  8103.08392829 +/- 0.00000071 (8103.08392758)
0.000010  2980.95983453 +/- 0.00184749 (2980.95798704)  8103.07938082 +/- 0.00454676 (8103.08392758)
0.000001  2978.14040096 +/- 2.81758609 (2980.95798704)  8102.68829810 +/- 0.39562948 (8103.08392758)

                                                       10
h                                                        
0.100000  22044.82730252 +/- 18.36150772 (22026.46579481)
0.010000   22026.64934928 +/- 0.18355448 (22026.46579481)
0.001000   22026.46762817 +/- 0.00183336 (22026.46579481)
0.000100   22026.46537626 +/- 0.00041855 (22026.46579481)
0.000010   22026.43372584 +/- 0.03206897 (22026.46579481)
0.000001   22020.68571933 +/- 5.78007548 (22026.46579481)

